0, 0, 16, 0.9071336388587952, -0.07620630413293839, -0.4127323627471924, 0.03087327815592289
0, 0, 16, 0.9071301817893982, -0.07620549201965332, -0.4127403795719147, 0.030871011316776276
-1
-1
-1
-1
-1
-1
-1
-1
-1
-1
0, 0, 16, 0.9066895246505737, -0.07646985352039337, -0.41365575790405273, 0.030913949012756348
0, 0, 16, 0.9066455960273743, -0.0767781063914299, -0.41373521089553833, 0.030370531603693962
0, 0, 16, 0.9066519141197205, -0.07678934931755066, -0.4137171506881714, 0.030399901792407036
0, 0, 16, 0.906660258769989, -0.07675928622484207, -0.4137030839920044, 0.030417002737522125
0, 0, 16, 0.9066662788391113, -0.07668618857860565, -0.41370242834091187, 0.030427897348999977
-1
-1
-1
-1
-1
-1
-1
-1
0, 0, 16, 0.9067260026931763, -0.07639133930206299, -0.41360580921173096, 0.03069979138672352
-1
-1
-1
-1
-1
-1
-1
-1
-1
-1
0, 0, 16, 0.9069076776504517, -0.07592026889324188, -0.41325297951698303, 0.03125207871198654
-1
-1
-1
-1
-1
-1
-1
-1
-1
-1
0, 0, 16, 0.9069363474845886, -0.07579872012138367, -0.41322970390319824, 0.03102116473019123
0, 0, 16, 0.9069430232048035, -0.07580408453941345, -0.41321423649787903, 0.031019998714327812
0, 0, 16, 0.9069470167160034, -0.07580732554197311, -0.4132046699523926, 0.031024450436234474
0, 0, 16, 0.9069684147834778, -0.07581456005573273, -0.4131569564342499, 0.031016292050480843
0, 0, 16, 0.906978964805603, -0.0758126899600029, -0.41313380002975464, 0.031018909066915512
0, 0, 16, 0.9069839715957642, -0.07580528408288956, -0.4131249487400055, 0.031008625403046608
0, 0, 16, 0.9069945216178894, -0.07577336579561234, -0.4131098985671997, 0.03097902424633503
0, 0, 16, 0.9070003628730774, -0.07577036321163177, -0.41309916973114014, 0.030959270894527435
0, 0, 16, 0.9070059657096863, -0.0757606029510498, -0.4130898118019104, 0.030946141108870506
-1
0, 0, 16, 0.9070318341255188, -0.07575587183237076, -0.41303515434265137, 0.030930928885936737
0, 0, 16, 0.9070327281951904, -0.0757504403591156, -0.4130331873893738, 0.03093680553138256
0, 0, 16, 0.907046377658844, -0.07577381283044815, -0.4130007028579712, 0.030912859365344048
-1
-1
-1
-1
-1
-1
-1
-1
0, 0, 16, 0.9072349071502686, -0.07566732913255692, -0.4126163125038147, 0.030774114653468132
0, 0, 16, 0.9072427749633789, -0.07569609582424164, -0.41259294748306274, 0.0307832770049572
0, 0, 16, 0.9072500467300415, -0.07567883282899857, -0.4125833511352539, 0.03074808046221733
0, 0, 16, 0.9072642922401428, -0.07565337419509888, -0.4125596880912781, 0.030704360455274582
0, 0, 16, 0.9072706699371338, -0.07565290480852127, -0.41254574060440063, 0.030700692906975746
0, 0, 16, 0.9072836637496948, -0.07565028965473175, -0.4125192165374756, 0.030683226883411407
0, 0, 16, 0.9072902202606201, -0.07565083354711533, -0.4125054180622101, 0.030668947845697403
0, 0, 16, 0.9072964191436768, -0.07565494626760483, -0.41249173879623413, 0.030662553384900093
0, 0, 16, 0.9073019623756409, -0.07568373531103134, -0.41247469186782837, 0.0306543055921793
0, 0, 16, 0.9073096513748169, -0.0756799653172493, -0.41245943307876587, 0.030646001920104027
-1
-1
0, 0, 16, 0.9073432683944702, -0.07571469992399216, -0.4123882055282593, 0.030524946749210358
0, 0, 16, 0.9073472619056702, -0.07571941614151001, -0.4123799800872803, 0.030504468828439713
0, 0, 16, 0.9073548913002014, -0.07573926448822021, -0.41235974431037903, 0.03049646131694317
0, 0, 16, 0.9073599576950073, -0.07574808597564697, -0.412348210811615, 0.030487973242998123
0, 0, 16, 0.9073647856712341, -0.07576395571231842, -0.4123344421386719, 0.03048568218946457
0, 0, 16, 0.9073719382286072, -0.07576832175254822, -0.41232019662857056, 0.030459072440862656
0, 0, 16, 0.9073834419250488, -0.07576915621757507, -0.4122965633869171, 0.030430138111114502
0, 0, 16, 0.9073910713195801, -0.07577058672904968, -0.4122801125049591, 0.030424214899539948
0, 0, 16, 0.9073970913887024, -0.07577704638242722, -0.4122670292854309, 0.030404604971408844
0, 0, 16, 0.9074037671089172, -0.07580704241991043, -0.4122481644153595, 0.030388647690415382
0, 0, 16, 0.9074060320854187, -0.07580127567052841, -0.41224512457847595, 0.030375484377145767
0, 0, 16, 0.9074121713638306, -0.07579046487808228, -0.4122340679168701, 0.030368879437446594
0, 0, 16, 0.9074208736419678, -0.07580891251564026, -0.4122117757797241, 0.030362194404006004
0, 0, 16, 0.9074227213859558, -0.0758153423666954, -0.41220736503601074, 0.030353888869285583
0, 0, 16, 0.90742427110672, -0.07581166923046112, -0.4122055172920227, 0.030340490862727165
0, 0, 16, 0.9074209332466125, -0.07584121078252792, -0.4122072458267212, 0.030344335362315178
0, 0, 16, 0.9074289202690125, -0.0758410170674324, -0.4121902585029602, 0.0303350780159235
0, 0, 16, 0.9074352383613586, -0.07584705948829651, -0.41217613220214844, 0.030324894934892654
0, 0, 16, 0.907438337802887, -0.0758422464132309, -0.4121708273887634, 0.030320268124341965
0, 0, 16, 0.9074403047561646, -0.07585398107767105, -0.41216355562210083, 0.03032546304166317
0, 0, 16, 0.9074434041976929, -0.07584098726511002, -0.41216063499450684, 0.030307231470942497
0, 0, 16, 0.907447874546051, -0.07584593445062637, -0.41214972734451294, 0.030311178416013718
0, 0, 16, 0.907483696937561, -0.075607068836689, -0.41207820177078247, 0.03080066666007042
0, 0, 16, 0.9074817299842834, -0.07563087344169617, -0.41207972168922424, 0.030780471861362457
0, 0, 16, 0.9074921607971191, -0.07563033699989319, -0.41206157207489014, 0.030715957283973694
0, 0, 16, 0.907489538192749, -0.07562772184610367, -0.41206830739974976, 0.030711065977811813
0, 0, 16, 0.9075260758399963, -0.07537057995796204, -0.4119946360588074, 0.031244568526744843
0, 0, 16, 0.9075239300727844, -0.07541001588106155, -0.4119945168495178, 0.031213965266942978
0, 0, 16, 0.9075215458869934, -0.07544654607772827, -0.4119953513145447, 0.031181830912828445
0, 0, 16, 0.9075284004211426, -0.07547100633382797, -0.4119780957698822, 0.031154591590166092
0, 0, 16, 0.9075325727462769, -0.0754837840795517, -0.41196995973587036, 0.0311063714325428
0, 0, 16, 0.9075409770011902, -0.07548947632312775, -0.41195476055145264, 0.03105151280760765
0, 0, 16, 0.9075432419776917, -0.07550158351659775, -0.4119495749473572, 0.031024102121591568
0, 0, 16, 0.9075402617454529, -0.07554365694522858, -0.4119504690170288, 0.030999919399619102
0, 0, 16, 0.9075432419776917, -0.07559216767549515, -0.41193687915802, 0.03097330778837204
0, 0, 16, 0.9075472354888916, -0.07562050223350525, -0.4119250476360321, 0.03094676323235035
0, 0, 16, 0.9075465202331543, -0.07561860978603363, -0.4119277000427246, 0.03093411773443222
0, 0, 16, 0.9075430631637573, -0.07562217861413956, -0.4119376242160797, 0.030895480886101723
0, 0, 16, 0.9075467586517334, -0.0756206065416336, -0.4119308888912201, 0.030879581347107887
0, 0, 16, 0.9075537919998169, -0.07561195641756058, -0.4119199514389038, 0.030838435515761375
0, 0, 16, 0.907558023929596, -0.07561495155096054, -0.4119110107421875, 0.03082604892551899
0, 0, 16, 0.9075639843940735, -0.07564114034175873, -0.4118943512439728, 0.030812334269285202
0, 0, 16, 0.9075654149055481, -0.07565268129110336, -0.4118911623954773, 0.03078473173081875
0, 0, 16, 0.9075722694396973, -0.0756736621260643, -0.4118720591068268, 0.030780557543039322
0, 0, 16, 0.9075739979743958, -0.07568439841270447, -0.411867618560791, 0.030764179304242134
0, 0, 16, 0.9075758457183838, -0.07568375766277313, -0.41186410188674927, 0.030760353431105614
0, 0, 16, 0.9075776934623718, -0.07567556202411652, -0.41186100244522095, 0.03075937181711197
0, 0, 16, 0.9075809121131897, -0.07566855102777481, -0.411856085062027, 0.03075329214334488
0, 0, 16, 0.9075791835784912, -0.07567651569843292, -0.4118579030036926, 0.030759774148464203
0, 0, 16, 0.9075756669044495, -0.07568394392728806, -0.4118644893169403, 0.030757248401641846
0, 0, 16, 0.907572865486145, -0.07569357752799988, -0.41186922788619995, 0.03075411729514599
0, 0, 16, 0.907529890537262, -0.0759933739900589, -0.4119529128074646, 0.030156422406435013
0, 0, 16, 0.9075296521186829, -0.07599981129169464, -0.4119500517845154, 0.030186831951141357
0, 0, 16, 0.907532274723053, -0.07599662244319916, -0.4119434952735901, 0.030206819996237755
0, 0, 16, 0.907535970211029, -0.0760047659277916, -0.4119322896003723, 0.030227743089199066
0, 0, 16, 0.9075464606285095, -0.07598951458930969, -0.411912202835083, 0.03022266924381256
0, 0, 16, 0.9075550436973572, -0.07598946988582611, -0.41189295053482056, 0.030226124450564384
0, 0, 16, 0.9075679183006287, -0.07598142325878143, -0.41186589002609253, 0.030232023447752
0, 0, 16, 0.9075769186019897, -0.07598549127578735, -0.41184544563293457, 0.030228540301322937
0, 0, 16, 0.9075839519500732, -0.07600387185811996, -0.4118272066116333, 0.03022194281220436
0, 0, 16, 0.9075915813446045, -0.07602454721927643, -0.41180580854415894, 0.03022954985499382
0, 0, 16, 0.9076003432273865, -0.07602671533823013, -0.41178572177886963, 0.030233703553676605
0, 0, 16, 0.9076043963432312, -0.07601277530193329, -0.41178053617477417, 0.030218079686164856
0, 0, 16, 0.9076120257377625, -0.07599051296710968, -0.41176900267601013, 0.03020327165722847
0, 0, 16, 0.9076206088066101, -0.07596147060394287, -0.4117565453052521, 0.030189430341124535
0, 0, 16, 0.9076295495033264, -0.0759585052728653, -0.4117388129234314, 0.030171072110533714
0, 0, 16, 0.9076350331306458, -0.07597561180591583, -0.41172370314598083, 0.03016761690378189
0, 0, 16, 0.9076390862464905, -0.07598722726106644, -0.4117123484611511, 0.030171243473887444
0, 0, 16, 0.9076378345489502, -0.07600392401218414, -0.4117113947868347, 0.030175920575857162
0, 0, 16, 0.9076393842697144, -0.07600318640470505, -0.41170936822891235, 0.03016199916601181
0, 0, 16, 0.9076487421989441, -0.0759652704000473, -0.4116972088813782, 0.030142195522785187
0, 0, 16, 0.907657265663147, -0.07593746483325958, -0.41168391704559326, 0.03013632819056511
0, 0, 16, 0.9076672196388245, -0.07593634724617004, -0.4116622805595398, 0.03013545647263527
0, 0, 16, 0.9076693654060364, -0.0759388655424118, -0.4116568863391876, 0.03013998456299305
0, 0, 16, 0.9076766967773438, -0.07593314349651337, -0.41164207458496094, 0.03013784997165203
0, 0, 16, 0.9076811075210571, -0.07594596594572067, -0.41163018345832825, 0.030133385211229324
0, 0, 16, 0.9076823592185974, -0.07596383988857269, -0.41162413358688354, 0.030132895335555077
0, 0, 16, 0.907684326171875, -0.07594819366931915, -0.4116225242614746, 0.03013721853494644
0, 0, 16, 0.9076942205429077, -0.07592995464801788, -0.4116038680076599, 0.0301382914185524
0, 0, 16, 0.9076991081237793, -0.07591728866100311, -0.4115959405899048, 0.030132673680782318
-1
-1
-1
-1
-1
-1
-1
0, 0, 16, 0.907678484916687, -0.07621793448925018, -0.4116152822971344, 0.029722224920988083
0, 0, 16, 0.9076761603355408, -0.0762186124920845, -0.4116189777851105, 0.02974262461066246
0, 0, 16, 0.9076711535453796, -0.07622626423835754, -0.4116259813308716, 0.02977909706532955
0, 0, 16, 0.9076700210571289, -0.07623641192913055, -0.41162407398223877, 0.029814116656780243
0, 0, 16, 0.9076668620109558, -0.07623836398124695, -0.4116286039352417, 0.029842786490917206
0, 0, 16, 0.9076623320579529, -0.07622004300355911, -0.41163963079452515, 0.02987235225737095
0, 0, 16, 0.9076587557792664, -0.07620422542095184, -0.41164860129356384, 0.02990143373608589
0, 0, 16, 0.9076590538024902, -0.07619786262512207, -0.4116497337818146, 0.029893796890974045
-1
-1
-1
-1
-1
-1
-1
-1
0, 0, 16, 0.9075517058372498, -0.07629618048667908, -0.41186201572418213, 0.029975879937410355
0, 0, 16, 0.9075489640235901, -0.0762929692864418, -0.4118683934211731, 0.029982592910528183
0, 0, 16, 0.9075521230697632, -0.0762779712677002, -0.41186362504959106, 0.02998751401901245
-1
-1
-1
-1
-1
-1
-1
-1
-1
-1
0, 0, 16, 0.9074671268463135, -0.07626321166753769, -0.41203072667121887, 0.03029814176261425
0, 0, 16, 0.9074609875679016, -0.07626529037952423, -0.41204333305358887, 0.030312009155750275
0, 0, 16, 0.9074618816375732, -0.07625267654657364, -0.41204339265823364, 0.030312731862068176
0, 0, 16, 0.9074610471725464, -0.07622309774160385, -0.41205012798309326, 0.03031882829964161
0, 0, 16, 0.90745609998703, -0.07618783414363861, -0.412068247795105, 0.030308622866868973
0, 0, 16, 0.9074532985687256, -0.07617874443531036, -0.41207629442214966, 0.030306551605463028
0, 0, 16, 0.9074460864067078, -0.07617422193288803, -0.4120934009552002, 0.030301159247756004
0, 0, 16, 0.907441258430481, -0.07618358731269836, -0.4121025502681732, 0.030300922691822052
0, 0, 16, 0.9074386954307556, -0.07619131356477737, -0.41210508346557617, 0.030321422964334488
0, 0, 16, 0.907431960105896, -0.07621869444847107, -0.4121142029762268, 0.030331242829561234
0, 0, 16, 0.9074257612228394, -0.07621988654136658, -0.41212576627731323, 0.030357515439391136
0, 0, 16, 0.9074199795722961, -0.07621897011995316, -0.4121384620666504, 0.03035767190158367
-1
-1
-1
-1
-1
-1
-1
0, 0, 16, 0.9073547720909119, -0.0764784961938858, -0.41228431463241577, 0.029665833339095116
0, 0, 16, 0.9073622226715088, -0.07646901160478592, -0.4122675657272339, 0.029697367921471596
0, 0, 16, 0.9073625206947327, -0.07645395398139954, -0.41226842999458313, 0.029715819284319878
0, 0, 16, 0.9073643088340759, -0.0764443427324295, -0.4122641086578369, 0.029742831364274025
0, 0, 16, 0.9073693752288818, -0.07643795013427734, -0.412253737449646, 0.029749851673841476
0, 0, 16, 0.9073810577392578, -0.07642343640327454, -0.4122297763824463, 0.02976379543542862
0, 0, 16, 0.9073789715766907, -0.07643016427755356, -0.4122319221496582, 0.029779959470033646
0, 0, 16, 0.9073827266693115, -0.07642769813537598, -0.4122243821620941, 0.029774952679872513
0, 0, 16, 0.9073911905288696, -0.07641591131687164, -0.412206768989563, 0.029791096225380898
0, 0, 16, 0.9073900580406189, -0.07639555633068085, -0.41221368312835693, 0.02978597581386566
0, 0, 16, 0.9073891639709473, -0.07640010863542557, -0.4122130870819092, 0.029807057231664658
-1
-1
-1
-1
-1
-1
-1
-1
0, 0, 16, 0.9074885845184326, -0.07607677578926086, -0.4120270013809204, 0.030179306864738464
0, 0, 16, 0.9074970483779907, -0.07609839737415314, -0.4120047092437744, 0.03017040714621544
0, 0, 16, 0.9075052738189697, -0.07610629498958588, -0.4119856357574463, 0.030164826661348343
-1
-1
-1
-1
-1
-1
-1
-1
0, 0, 16, 0.9074410796165466, -0.07643003761768341, -0.412059485912323, 0.03027196228504181
0, 0, 16, 0.9074298143386841, -0.07642136514186859, -0.41208603978157043, 0.030268743634223938
0, 0, 16, 0.9074274897575378, -0.0764055922627449, -0.4120945930480957, 0.030263256281614304
-1
-1
