0, 0, 20, 31.8125, 0.9716510772705078, -0.02503998950123787, 0.2350897341966629, 3.325512170791626
0, 0, 20, 31.8125, 0.9716510772705078, -0.02503998950123787, 0.2350897341966629, 3.325512170791626
0, 0, 20, 31.794921875, 0.9716561436653137, -0.025044506415724754, 0.23506832122802734, 3.3254575729370117
0, 0, 20, 31.779296875, 0.9716597199440002, -0.025053244084119797, 0.2350527048110962, 3.3254499435424805
0, 0, 20, 31.806640625, 0.9716609716415405, -0.02505486086010933, 0.23504705727100372, 3.3254897594451904
0, 0, 20, 31.806640625, 0.9716616868972778, -0.025071412324905396, 0.23504264652729034, 3.3254966735839844
0, 0, 20, 31.765625, 0.9716653227806091, -0.02507452666759491, 0.2350272685289383, 3.3255155086517334
0, 0, 20, 31.78515625, 0.9716666340827942, -0.025081856176257133, 0.23502108454704285, 3.3255152702331543
0, 0, 20, 31.7578125, 0.9716657400131226, -0.025085099041461945, 0.23502425849437714, 3.3255045413970947
0, 0, 20, 31.7578125, 0.9716671705245972, -0.025075512006878853, 0.23501938581466675, 3.3254969120025635
0, 0, 20, 31.7734375, 0.9716705679893494, -0.02506735548377037, 0.23500646650791168, 3.3254945278167725
0, 0, 20, 31.767578125, 0.9716721773147583, -0.02506922371685505, 0.23499944806098938, 3.325463056564331
0, 0, 20, 31.76953125, 0.9716773629188538, -0.025062941014766693, 0.23497851192951202, 3.3254895210266113
0, 0, 20, 31.779296875, 0.9716819524765015, -0.02505301684141159, 0.23496085405349731, 3.3254830837249756
0, 0, 20, 31.771484375, 0.9716876745223999, -0.02503158338367939, 0.23493897914886475, 3.325453519821167
0, 0, 20, 31.80859375, 0.9716903567314148, -0.02504195086658001, 0.2349272519350052, 3.3254497051239014
0, 0, 20, 31.822265625, 0.9716919660568237, -0.02504114620387554, 0.23492050170898438, 3.3254263401031494
0, 0, 20, 31.8046875, 0.9716952443122864, -0.025038091465830803, 0.23490749299526215, 3.3254404067993164
0, 0, 20, 31.80859375, 0.9716954231262207, -0.02504980005323887, 0.23490546643733978, 3.325434923171997
0, 0, 20, 31.771484375, 0.9716972708702087, -0.025059031322598457, 0.23489679396152496, 3.3254613876342773
0, 0, 20, 31.796875, 0.9716982841491699, -0.02504848688840866, 0.23489384353160858, 3.3254494667053223
0, 0, 20, 31.796875, 0.9716982841491699, -0.02504848688840866, 0.23489384353160858, 3.3254494667053223
0, 0, 20, 31.794921875, 0.971701443195343, -0.025044437497854233, 0.234881192445755, 3.325437545776367
0, 0, 20, 31.806640625, 0.9717028737068176, -0.025044457986950874, 0.23487532138824463, 3.3254165649414062
0, 0, 20, 31.759765625, 0.9717038869857788, -0.025053078308701515, 0.23486991226673126, 3.3253958225250244
0, 0, 20, 31.759765625, 0.9717038869857788, -0.025053078308701515, 0.23486991226673126, 3.3253958225250244
0, 0, 20, 31.78125, 0.9717060327529907, -0.025042304769158363, 0.23486195504665375, 3.325392961502075
0, 0, 20, 31.78125, 0.9717060327529907, -0.025042304769158363, 0.23486195504665375, 3.325392961502075
0, 0, 20, 31.80859375, 0.9717096090316772, -0.025036917999386787, 0.23484806716442108, 3.325399398803711
0, 0, 20, 31.80859375, 0.9717118740081787, -0.025042060762643814, 0.23483814299106598, 3.325381278991699
0, 0, 20, 31.76171875, 0.971716046333313, -0.02503577433526516, 0.23482142388820648, 3.3253703117370605
0, 0, 20, 31.7734375, 0.9717243313789368, -0.025022244080901146, 0.23478837311267853, 3.325382947921753
0, 0, 20, 31.787109375, 0.9717258214950562, -0.025006046518683434, 0.23478420078754425, 3.3253531455993652
0, 0, 20, 31.771484375, 0.9717288613319397, -0.025015762075781822, 0.23477070033550262, 3.325354814529419
0, 0, 20, 31.802734375, 0.9717279672622681, -0.024996556341648102, 0.23477628827095032, 3.325374126434326
0, 0, 20, 31.736328125, 0.9717280268669128, -0.02498750574886799, 0.23477739095687866, 3.3253769874572754
0, 0, 20, 31.736328125, 0.9717333316802979, -0.02498610131442547, 0.234755277633667, 3.325371026992798
0, 0, 20, 31.78515625, 0.9717334508895874, -0.024974042549729347, 0.23475617170333862, 3.3253703117370605
0, 0, 20, 31.7265625, 0.9717369079589844, -0.02496555633842945, 0.23474252223968506, 3.3253774642944336
0, 0, 20, 31.794921875, 0.9717383980751038, -0.02497207187116146, 0.23473578691482544, 3.325385093688965
0, 0, 20, 31.794921875, 0.9717402458190918, -0.024972479790449142, 0.23472800850868225, 3.3253817558288574
0, 0, 20, 31.7890625, 0.971740186214447, -0.024975810199975967, 0.23472817242145538, 3.325401782989502
0, 0, 20, 31.80859375, 0.9717409610748291, -0.02495083399116993, 0.23472724854946136, 3.3253931999206543
0, 0, 20, 31.79296875, 0.971743106842041, -0.024932662025094032, 0.2347206473350525, 3.325413465499878
0, 0, 20, 31.79296875, 0.9717422723770142, -0.024914659559726715, 0.2347257435321808, 3.325441598892212
0, 0, 20, 31.802734375, 0.9717414379119873, -0.024910876527428627, 0.23472964763641357, 3.3254668712615967
0, 0, 20, 31.771484375, 0.9717405438423157, -0.02490486018359661, 0.2347342073917389, 3.3254785537719727
0, 0, 20, 31.77734375, 0.9717373847961426, -0.024888865649700165, 0.2347487211227417, 3.3255350589752197
0, 0, 20, 31.76171875, 0.9717335104942322, -0.024872269481420517, 0.23476669192314148, 3.3255856037139893
0, 0, 20, 31.751953125, 0.9717321991920471, -0.02486664615571499, 0.23477241396903992, 3.3255858421325684
0, 0, 20, 31.80078125, 0.9717342257499695, -0.024859588593244553, 0.2347649335861206, 3.3256068229675293
0, 0, 20, 31.73828125, 0.9717355370521545, -0.024857530370354652, 0.23476000130176544, 3.325608730316162
0, 0, 20, 31.78125, 0.9717368483543396, -0.02483709342777729, 0.2347569316625595, 3.3256144523620605
0, 0, 20, 31.787109375, 0.9717347025871277, -0.024826912209391594, 0.23476624488830566, 3.3256144523620605
0, 0, 20, 31.75390625, 0.9717362523078918, -0.02483806572854519, 0.2347591519355774, 3.3256142139434814
0, 0, 20, 31.75390625, 0.9717362523078918, -0.02483806572854519, 0.2347591519355774, 3.3256142139434814
0, 0, 20, 31.796875, 0.9717369079589844, -0.02483709715306759, 0.23475605249404907, 3.3256328105926514
0, 0, 20, 31.78125, 0.971733570098877, -0.024845123291015625, 0.23476915061473846, 3.3256468772888184
0, 0, 20, 31.837890625, 0.9717355370521545, -0.024821577593684196, 0.23476380109786987, 3.325648784637451
0, 0, 20, 31.794921875, 0.9717355370521545, -0.024830298498272896, 0.2347625494003296, 3.3256781101226807
0, 0, 20, 31.80859375, 0.9717351794242859, -0.024827390909194946, 0.23476435244083405, 3.3257088661193848
0, 0, 20, 31.798828125, 0.9717330932617188, -0.024827539920806885, 0.23477283120155334, 3.325723886489868
0, 0, 20, 31.7578125, 0.9717299342155457, -0.02483314834535122, 0.23478536307811737, 3.3257458209991455
0, 0, 20, 31.8046875, 0.9717296957969666, -0.02483469434082508, 0.23478618264198303, 3.325756311416626
0, 0, 20, 31.76171875, 0.971724271774292, -0.024827636778354645, 0.2348094880580902, 3.3258049488067627
0, 0, 20, 31.796875, 0.971721887588501, -0.024826563894748688, 0.2348192185163498, 3.325805425643921
0, 0, 20, 31.771484375, 0.9717217683792114, -0.024834001436829567, 0.23481915891170502, 3.325800895690918
0, 0, 20, 31.837890625, 0.9717181921005249, -0.02483000047504902, 0.23483453691005707, 3.325812339782715
0, 0, 20, 31.75, 0.9717153906822205, -0.024808624759316444, 0.23484857380390167, 3.325815200805664
0, 0, 20, 31.75, 0.9717136025428772, -0.024799734354019165, 0.23485690355300903, 3.3258056640625
0, 0, 20, 31.751953125, 0.9717126488685608, -0.024788938462734222, 0.23486179113388062, 3.325817346572876
0, 0, 20, 31.765625, 0.9717089533805847, -0.024788327515125275, 0.23487670719623566, 3.32584810256958
0, 0, 20, 31.7578125, 0.9717109203338623, -0.024771852418780327, 0.23487064242362976, 3.3258445262908936
0, 0, 20, 31.7578125, 0.9717119932174683, -0.024780742824077606, 0.23486560583114624, 3.325838088989258
0, 0, 20, 31.7890625, 0.9717113375663757, -0.024764500558376312, 0.23486961424350739, 3.3258564472198486
0, 0, 20, 31.765625, 0.9717073440551758, -0.024760376662015915, 0.2348865419626236, 3.325873851776123
0, 0, 20, 31.794921875, 0.9717045426368713, -0.024755895137786865, 0.23489883542060852, 3.3258464336395264
0, 0, 20, 31.794921875, 0.9717037081718445, -0.02475748397409916, 0.23490191996097565, 3.3258392810821533
0, 0, 20, 31.744140625, 0.9717005491256714, -0.02475934848189354, 0.23491473495960236, 3.3258612155914307
0, 0, 20, 31.80859375, 0.9716989398002625, -0.024758310988545418, 0.2349219173192978, 3.3258752822875977
0, 0, 20, 31.80859375, 0.9716930985450745, -0.024762116372585297, 0.23494522273540497, 3.3259220123291016
0, 0, 20, 31.80859375, 0.9716886878013611, -0.024751564487814903, 0.23496472835540771, 3.325960159301758
0, 0, 20, 31.80078125, 0.971684992313385, -0.024749241769313812, 0.234980508685112, 3.3259851932525635
0, 0, 20, 31.783203125, 0.9716818928718567, -0.024732453748583794, 0.2349950671195984, 3.325976848602295
0, 0, 20, 31.728515625, 0.9716777205467224, -0.024718528613448143, 0.23501373827457428, 3.3260133266448975
0, 0, 20, 31.7734375, 0.9716734886169434, -0.024713831022381783, 0.2350316196680069, 3.3260326385498047
0, 0, 20, 31.740234375, 0.9716681838035583, -0.02471017651259899, 0.23505397140979767, 3.3260436058044434
0, 0, 20, 31.79296875, 0.9716618061065674, -0.024706803262233734, 0.23508064448833466, 3.326078176498413
0, 0, 20, 31.806640625, 0.9716594219207764, -0.024695921689271927, 0.23509164154529572, 3.3260955810546875
0, 0, 20, 31.8046875, 0.9716517329216003, -0.0247039757668972, 0.23512232303619385, 3.326096534729004
0, 0, 20, 31.755859375, 0.9716485142707825, -0.02470468543469906, 0.23513583838939667, 3.3261094093322754
0, 0, 20, 31.791015625, 0.9716447591781616, -0.024693835526704788, 0.23515233397483826, 3.326148748397827
0, 0, 20, 31.77734375, 0.9716415405273438, -0.024692630395293236, 0.23516587913036346, 3.326157331466675
0, 0, 20, 31.775390625, 0.9716413021087646, -0.024679793044924736, 0.23516853153705597, 3.3261754512786865
0, 0, 20, 31.77734375, 0.9716398119926453, -0.02467581257224083, 0.23517507314682007, 3.3261873722076416
0, 0, 20, 31.77734375, 0.9716398119926453, -0.02467581257224083, 0.23517507314682007, 3.3261873722076416
0, 0, 20, 31.775390625, 0.9716380834579468, -0.024672331288456917, 0.23518240451812744, 3.3261923789978027
0, 0, 20, 31.765625, 0.9716339111328125, -0.024661175906658173, 0.235200896859169, 3.3262038230895996
0, 0, 20, 31.771484375, 0.9716312885284424, -0.024655690416693687, 0.23521216213703156, 3.32619309425354
0, 0, 20, 31.775390625, 0.9716278910636902, -0.02465284802019596, 0.2352263480424881, 3.3261799812316895
0, 0, 20, 31.763671875, 0.9716243147850037, -0.024690665304660797, 0.23523738980293274, 3.326185941696167
0, 0, 20, 31.787109375, 0.9716217517852783, -0.024686995893716812, 0.23524804413318634, 3.326233148574829
0, 0, 20, 31.787109375, 0.9716184735298157, -0.024681933224201202, 0.2352624088525772, 3.326258897781372
0, 0, 20, 31.759765625, 0.9716127514839172, -0.024692872539162636, 0.2352847158908844, 3.3262476921081543
0, 0, 20, 31.77734375, 0.97160804271698, -0.02469801902770996, 0.23530375957489014, 3.3262763023376465
0, 0, 20, 31.798828125, 0.9716058373451233, -0.024705033749341965, 0.2353118509054184, 3.326303243637085
0, 0, 20, 31.798828125, 0.9716058373451233, -0.024705033749341965, 0.2353118509054184, 3.326303243637085
0, 0, 20, 31.798828125, 0.9716017842292786, -0.024722976610064507, 0.23532699048519135, 3.3263118267059326
0, 0, 20, 31.787109375, 0.9715993404388428, -0.024735964834690094, 0.23533551394939423, 3.3262786865234375
0, 0, 20, 31.787109375, 0.9715937376022339, -0.024732345715165138, 0.23535916209220886, 3.3262746334075928
0, 0, 20, 31.7578125, 0.9715902209281921, -0.024732522666454315, 0.2353736013174057, 3.3263018131256104
0, 0, 20, 31.7578125, 0.9715879559516907, -0.02473224513232708, 0.2353833019733429, 3.3263068199157715
0, 0, 20, 31.77734375, 0.9715875387191772, -0.024740926921367645, 0.2353840321302414, 3.3262808322906494
0, 0, 20, 31.77734375, 0.9715827703475952, -0.02474270947277546, 0.23540301620960236, 3.326305627822876
0, 0, 20, 31.798828125, 0.9715767502784729, -0.024740174412727356, 0.23542827367782593, 3.326307535171509
0, 0, 20, 31.798828125, 0.971572995185852, -0.02473212406039238, 0.23544462025165558, 3.3263111114501953
0, 0, 20, 31.814453125, 0.9715697765350342, -0.024724358692765236, 0.2354585975408554, 3.3263437747955322
0, 0, 20, 31.80078125, 0.9715659618377686, -0.024724436923861504, 0.23547473549842834, 3.326380491256714
0, 0, 20, 31.810546875, 0.9715601801872253, -0.024734366685152054, 0.2354976087808609, 3.326403856277466
0, 0, 20, 31.796875, 0.9715515375137329, -0.024724652990698814, 0.23553387820720673, 3.3264076709747314
0, 0, 20, 31.806640625, 0.9715487360954285, -0.024717912077903748, 0.23554645478725433, 3.326414108276367
0, 0, 20, 31.8046875, 0.9715467095375061, -0.024732045829296112, 0.2355533391237259, 3.326443910598755
0, 0, 20, 31.8046875, 0.9715467095375061, -0.024732045829296112, 0.2355533391237259, 3.326443910598755
0, 0, 20, 31.78515625, 0.9715442061424255, -0.02472676709294319, 0.2355639934539795, 3.3264524936676025
0, 0, 20, 31.783203125, 0.9715403914451599, -0.024737173691391945, 0.23557880520820618, 3.326460123062134
0, 0, 20, 31.77734375, 0.9715352058410645, -0.024735430255532265, 0.2356003075838089, 3.3264431953430176
0, 0, 20, 31.80078125, 0.9715322256088257, -0.0247342549264431, 0.23561245203018188, 3.326447010040283
0, 0, 20, 31.751953125, 0.9715279340744019, -0.024724464863538742, 0.23563134670257568, 3.3264713287353516
0, 0, 20, 31.79296875, 0.9715280532836914, -0.024732470512390137, 0.23562991619110107, 3.3264598846435547
0, 0, 20, 31.783203125, 0.9715231657028198, -0.024736739695072174, 0.23564964532852173, 3.3264596462249756
0, 0, 20, 31.814453125, 0.9715186953544617, -0.024738101288676262, 0.2356681525707245, 3.326448917388916
0, 0, 20, 31.78125, 0.9715142846107483, -0.024737242609262466, 0.23568660020828247, 3.3264265060424805
0, 0, 20, 31.748046875, 0.9715127944946289, -0.024744633585214615, 0.23569205403327942, 3.326416254043579
0, 0, 20, 31.8203125, 0.9715108275413513, -0.02473839931190014, 0.23570062220096588, 3.326413154602051
0, 0, 20, 31.74609375, 0.9715071320533752, -0.02475254237651825, 0.23571430146694183, 3.3264126777648926
0, 0, 20, 31.7890625, 0.9715039134025574, -0.02475331351161003, 0.23572762310504913, 3.326397657394409
0, 0, 20, 31.7734375, 0.9715023636817932, -0.02474171482026577, 0.23573505878448486, 3.3263888359069824
0, 0, 20, 31.77734375, 0.971503734588623, -0.0247325636446476, 0.2357303947210312, 3.326350450515747
0, 0, 20, 31.74609375, 0.971500039100647, -0.0247518140822649, 0.23574353754520416, 3.3263332843780518
0, 0, 20, 31.74609375, 0.9715017676353455, -0.02476637065410614, 0.23573510348796844, 3.3263261318206787
0, 0, 20, 31.74609375, 0.9715014696121216, -0.024767376482486725, 0.2357361763715744, 3.3263237476348877
0, 0, 20, 31.7734375, 0.9715039730072021, -0.024748828262090683, 0.23572750389575958, 3.326288938522339
0, 0, 20, 31.76171875, 0.9715051054954529, -0.024756014347076416, 0.2357223629951477, 3.3262791633605957
0, 0, 20, 31.76171875, 0.9715051054954529, -0.024756014347076416, 0.2357223629951477, 3.3262791633605957
0, 0, 20, 31.76171875, 0.9715051054954529, -0.024756014347076416, 0.2357223629951477, 3.3262791633605957
0, 0, 20, 31.80078125, 0.9715051651000977, -0.024750592187047005, 0.23572270572185516, 3.3262922763824463
0, 0, 20, 31.80078125, 0.9715026021003723, -0.024736439809203148, 0.23573437333106995, 3.3262734413146973
0, 0, 20, 31.75, 0.9715017080307007, -0.0247196014970541, 0.23574019968509674, 3.326287269592285
0, 0, 20, 31.76171875, 0.9715015888214111, -0.024715088307857513, 0.23574113845825195, 3.3262925148010254
0, 0, 20, 31.791015625, 0.9714974761009216, -0.024714559316635132, 0.23575811088085175, 3.3263001441955566
0, 0, 20, 31.791015625, 0.9714962840080261, -0.024699660018086433, 0.23576419055461884, 3.326294422149658
0, 0, 20, 31.78125, 0.9714978337287903, -0.02468940056860447, 0.23575915396213531, 3.326296806335449
0, 0, 20, 31.794921875, 0.9714962244033813, -0.0246969535946846, 0.23576496541500092, 3.326296806335449
0, 0, 20, 31.755859375, 0.9714922904968262, -0.02471821755170822, 0.23577910661697388, 3.3262860774993896
0, 0, 20, 31.751953125, 0.9714877009391785, -0.024707382544875145, 0.23579904437065125, 3.32631516456604
0, 0, 20, 31.7734375, 0.9714855551719666, -0.024707214906811714, 0.23580791056156158, 3.3263111114501953
0, 0, 20, 31.759765625, 0.9714812636375427, -0.024708371609449387, 0.2358253300189972, 3.326295852661133
0, 0, 20, 31.765625, 0.9714803099632263, -0.024697832763195038, 0.2358306348323822, 3.3262939453125
0, 0, 20, 31.796875, 0.9714782238006592, -0.02469395473599434, 0.23583924770355225, 3.326307535171509
0, 0, 20, 31.779296875, 0.9714772701263428, -0.02470092475414276, 0.23584257066249847, 3.3263111114501953
0, 0, 20, 31.779296875, 0.9714754223823547, -0.024701260030269623, 0.23585045337677002, 3.326317548751831
0, 0, 20, 31.779296875, 0.9714770317077637, -0.024691471830010414, 0.23584456741809845, 3.3263585567474365
0, 0, 20, 31.81640625, 0.9714778661727905, -0.024691810831427574, 0.2358412891626358, 3.3263394832611084
0, 0, 20, 31.77734375, 0.9714780449867249, -0.024704447016119957, 0.23583923280239105, 3.3263344764709473
0, 0, 20, 31.74609375, 0.9714789986610413, -0.02470611222088337, 0.23583519458770752, 3.326319456100464
0, 0, 20, 31.75, 0.9714788198471069, -0.024705640971660614, 0.2358359843492508, 3.3262956142425537
0, 0, 20, 31.740234375, 0.9714788198471069, -0.02469547837972641, 0.23583664000034332, 3.3262810707092285
0, 0, 20, 31.740234375, 0.9714788198471069, -0.02469547837972641, 0.23583664000034332, 3.3262810707092285
0, 0, 20, 31.751953125, 0.971481204032898, -0.02469375543296337, 0.23582707345485687, 3.326263427734375
0, 0, 20, 31.779296875, 0.9714845418930054, -0.024672981351614, 0.23581573367118835, 3.326258659362793
0, 0, 20, 31.75, 0.9714840054512024, -0.02467665635049343, 0.23581787943840027, 3.3262157440185547
0, 0, 20, 31.76953125, 0.9714881181716919, -0.024690648540854454, 0.23579904437065125, 3.3262293338775635
0, 0, 20, 31.783203125, 0.9714890718460083, -0.024700718000531197, 0.23579400777816772, 3.3262040615081787
0, 0, 20, 31.771484375, 0.9714916944503784, -0.024694161489605904, 0.23578393459320068, 3.3261961936950684
0, 0, 20, 31.740234375, 0.9714930653572083, -0.024701379239559174, 0.23577754199504852, 3.3261704444885254
0, 0, 20, 31.740234375, 0.9714930653572083, -0.024701379239559174, 0.23577754199504852, 3.3261704444885254
0, 0, 20, 31.740234375, 0.9714938402175903, -0.02469877526164055, 0.23577488958835602, 3.3261630535125732
0, 0, 20, 31.814453125, 0.9714939594268799, -0.02469603903591633, 0.23577438294887543, 3.326148748397827
0, 0, 20, 31.74609375, 0.9714939594268799, -0.024692032486200333, 0.2357746958732605, 3.326143741607666
0, 0, 20, 31.79296875, 0.9714942574501038, -0.024686070159077644, 0.23577439785003662, 3.326129913330078
0, 0, 20, 31.79296875, 0.971495509147644, -0.024699507281184196, 0.23576773703098297, 3.326124668121338
0, 0, 20, 31.77734375, 0.9714927673339844, -0.02470201440155506, 0.2357787787914276, 3.3261218070983887
0, 0, 20, 31.76171875, 0.9714916348457336, -0.024702975526452065, 0.235783189535141, 3.3261382579803467
0, 0, 20, 31.779296875, 0.9714921712875366, -0.024700505658984184, 0.23578159511089325, 3.3261501789093018
0, 0, 20, 31.779296875, 0.9714915156364441, -0.024707812815904617, 0.23578321933746338, 3.326148748397827
0, 0, 20, 31.77734375, 0.9714874625205994, -0.02470756694674492, 0.23580008745193481, 3.3261663913726807
0, 0, 20, 31.77734375, 0.9714853763580322, -0.024718672037124634, 0.23580728471279144, 3.3261754512786865
0, 0, 20, 31.80859375, 0.9714837074279785, -0.02471526339650154, 0.23581480979919434, 3.326166868209839
0, 0, 20, 31.80859375, 0.9714805483818054, -0.024693960323929787, 0.23583020269870758, 3.326201915740967
0, 0, 20, 31.791015625, 0.9714779853820801, -0.024696866050362587, 0.23584003746509552, 3.326215982437134
0, 0, 20, 31.802734375, 0.9714716076850891, -0.02469625324010849, 0.23586666584014893, 3.3262243270874023
0, 0, 20, 31.7578125, 0.9714691638946533, -0.02468770183622837, 0.23587720096111298, 3.326225519180298
0, 0, 20, 31.79296875, 0.9714678525924683, -0.024686174467206, 0.23588313162326813, 3.326225519180298
0, 0, 20, 31.787109375, 0.9714623093605042, -0.024656157940626144, 0.2359088957309723, 3.326228141784668
0, 0, 20, 31.802734375, 0.9714602828025818, -0.02465127594769001, 0.23591798543930054, 3.3262269496917725
0, 0, 20, 31.7734375, 0.971460223197937, -0.02465369552373886, 0.23591776192188263, 3.3262484073638916
0, 0, 20, 31.78125, 0.9714590907096863, -0.024643676355481148, 0.2359233796596527, 3.3262691497802734
0, 0, 20, 31.728515625, 0.9714581966400146, -0.024643925949931145, 0.23592697083950043, 3.326277494430542
0, 0, 20, 31.732421875, 0.9714567065238953, -0.024631774052977562, 0.23593471944332123, 3.326303243637085
0, 0, 20, 31.798828125, 0.9714552760124207, -0.02462812326848507, 0.23594079911708832, 3.3263185024261475
0, 0, 20, 31.751953125, 0.9714519381523132, -0.024623313918709755, 0.235955148935318, 3.3262979984283447
0, 0, 20, 31.76171875, 0.9714520573616028, -0.02460736595094204, 0.23595626652240753, 3.3263072967529297
0, 0, 20, 31.771484375, 0.9714530110359192, -0.02461320348083973, 0.2359515130519867, 3.3263070583343506
0, 0, 20, 31.7421875, 0.9714494347572327, -0.024608949199318886, 0.23596729338169098, 3.3263049125671387
0, 0, 20, 31.78125, 0.9714460968971252, -0.024612031877040863, 0.2359803169965744, 3.326331615447998
0, 0, 20, 31.775390625, 0.9714418649673462, -0.024612359702587128, 0.23599767684936523, 3.3263349533081055
0, 0, 20, 31.775390625, 0.9714418649673462, -0.024612359702587128, 0.23599767684936523, 3.3263349533081055
0, 0, 20, 31.7734375, 0.9714407324790955, -0.02460208348929882, 0.23600353300571442, 3.3263397216796875
0, 0, 20, 31.7734375, 0.9714391827583313, -0.024586094543337822, 0.23601146042346954, 3.3263485431671143
0, 0, 20, 31.765625, 0.9714367389678955, -0.02458164282143116, 0.23602226376533508, 3.326348304748535
0, 0, 20, 31.765625, 0.9714359641075134, -0.024577628821134567, 0.2360253483057022, 3.3263494968414307
0, 0, 20, 31.765625, 0.9714359641075134, -0.024577628821134567, 0.2360253483057022, 3.3263494968414307
0, 0, 20, 31.7734375, 0.9714348316192627, -0.024578765034675598, 0.23603026568889618, 3.3263423442840576
0, 0, 20, 31.7734375, 0.9714348316192627, -0.024578765034675598, 0.23603026568889618, 3.3263423442840576
0, 0, 20, 31.7578125, 0.9714310765266418, -0.024573642760515213, 0.23604638874530792, 3.3263418674468994
0, 0, 20, 31.7578125, 0.9714310765266418, -0.024573642760515213, 0.23604638874530792, 3.3263418674468994
0, 0, 20, 31.7578125, 0.9714306592941284, -0.024561291560530663, 0.23604905605316162, 3.3263514041900635
0, 0, 20, 31.796875, 0.9714251756668091, -0.02456653118133545, 0.23607103526592255, 3.3263401985168457
0, 0, 20, 31.80078125, 0.9714224338531494, -0.024555718526244164, 0.2360837161540985, 3.326341152191162
0, 0, 20, 31.75390625, 0.9714168310165405, -0.024533823132514954, 0.23610903322696686, 3.326345443725586
0, 0, 20, 31.75390625, 0.9713848829269409, -0.024669494479894638, 0.2362261712551117, 3.3251349925994873
0, 0, 20, 31.78125, 0.9713825583457947, -0.024664804339408875, 0.23623622953891754, 3.3251736164093018
0, 0, 20, 31.74609375, 0.9713789820671082, -0.024662652984261513, 0.2362513691186905, 3.325223207473755
0, 0, 20, 31.77734375, 0.9713771343231201, -0.02466980181634426, 0.23625802993774414, 3.325289487838745
0, 0, 20, 31.763671875, 0.9713746309280396, -0.024686453863978386, 0.23626656830310822, 3.32534122467041
0, 0, 20, 31.79296875, 0.9713737368583679, -0.02468041703104973, 0.23627081513404846, 3.325394630432129
0, 0, 20, 31.759765625, 0.9713723659515381, -0.024669671431183815, 0.23627763986587524, 3.325472354888916
0, 0, 20, 31.77734375, 0.9713696241378784, -0.024667372927069664, 0.23628945648670197, 3.325521945953369
0, 0, 20, 31.814453125, 0.9713681936264038, -0.02465050294995308, 0.23629681766033173, 3.3255631923675537
0, 0, 20, 31.77734375, 0.9713640809059143, -0.024649854749441147, 0.23631401360034943, 3.3256258964538574
0, 0, 20, 31.767578125, 0.9713602662086487, -0.02465810999274254, 0.23632840812206268, 3.3256778717041016
0, 0, 20, 31.791015625, 0.9713623523712158, -0.024655958637595177, 0.23631995916366577, 3.3257172107696533
0, 0, 20, 31.802734375, 0.97136390209198, -0.024661123752593994, 0.23631346225738525, 3.3257532119750977
0, 0, 20, 31.771484375, 0.9713605642318726, -0.024653328582644463, 0.23632770776748657, 3.325763463973999
0, 0, 20, 31.779296875, 0.9713572859764099, -0.02466469444334507, 0.23634035885334015, 3.3258213996887207
0, 0, 20, 31.8046875, 0.9713580012321472, -0.024650802835822105, 0.2363387495279312, 3.325856924057007
0, 0, 20, 31.8125, 0.9713586568832397, -0.02465519867837429, 0.23633569478988647, 3.3258912563323975
0, 0, 20, 31.82421875, 0.971356213092804, -0.024660421535372734, 0.23634496331214905, 3.325901746749878
0, 0, 20, 31.791015625, 0.9713526964187622, -0.0246636513620615, 0.23635919392108917, 3.3259382247924805
0, 0, 20, 31.81640625, 0.9713503122329712, -0.024670492857694626, 0.23636819422245026, 3.3259358406066895
0, 0, 20, 31.78125, 0.9713436365127563, -0.024683019146323204, 0.2363944798707962, 3.325979232788086
0, 0, 20, 31.796875, 0.9713414907455444, -0.02468831092119217, 0.23640289902687073, 3.326002836227417
0, 0, 20, 31.80078125, 0.9713382124900818, -0.024690402671694756, 0.2364160269498825, 3.326014995574951
0, 0, 20, 31.7734375, 0.9713408946990967, -0.02468898333609104, 0.2364046275615692, 3.32605242729187
0, 0, 20, 31.771484375, 0.9713385105133057, -0.024695856496691704, 0.23641400039196014, 3.326082468032837
0, 0, 20, 31.771484375, 0.9713355898857117, -0.02470521815121174, 0.23642495274543762, 3.326122283935547
0, 0, 20, 31.798828125, 0.9713351130485535, -0.02471890300512314, 0.23642589151859283, 3.326118230819702
0, 0, 20, 31.80859375, 0.9713344573974609, -0.024712812155485153, 0.236428901553154, 3.3261356353759766
0, 0, 20, 31.80859375, 0.9713340997695923, -0.024704333394765854, 0.2364315241575241, 3.326111078262329
0, 0, 20, 31.8046875, 0.9713356494903564, -0.024692393839359283, 0.23642593622207642, 3.326138973236084
0, 0, 20, 31.7890625, 0.9713383913040161, -0.024687474593520164, 0.23641544580459595, 3.3261492252349854
0, 0, 20, 31.75, 0.9713377356529236, -0.024683918803930283, 0.23641858994960785, 3.326159715652466
0, 0, 20, 31.75, 0.9713371396064758, -0.024683065712451935, 0.23642122745513916, 3.3261799812316895
0, 0, 20, 31.755859375, 0.9713358283042908, -0.0246819406747818, 0.23642656207084656, 3.3261876106262207
0, 0, 20, 31.79296875, 0.9713357090950012, -0.02468319982290268, 0.23642706871032715, 3.3262150287628174
0, 0, 20, 31.806640625, 0.9713348746299744, -0.024668805301189423, 0.2364317923784256, 3.326232671737671
0, 0, 20, 31.755859375, 0.9713311195373535, -0.02468014881014824, 0.23644596338272095, 3.326246500015259
0, 0, 20, 31.75, 0.971329927444458, -0.02468588948249817, 0.23645058274269104, 3.3262858390808105
0, 0, 20, 31.765625, 0.9713292121887207, -0.02467418648302555, 0.23645474016666412, 3.3262903690338135
0, 0, 20, 31.77734375, 0.9713271856307983, -0.024668358266353607, 0.23646363615989685, 3.326312303543091
0, 0, 20, 31.79296875, 0.9713231325149536, -0.024674834683537483, 0.2364797294139862, 3.32633376121521
0, 0, 20, 31.734375, 0.9713228940963745, -0.024655940011143684, 0.2364826202392578, 3.3263514041900635
0, 0, 20, 31.77734375, 0.9713224172592163, -0.02465848997235298, 0.23648421466350555, 3.326341152191162
0, 0, 20, 31.767578125, 0.9713191986083984, -0.024657029658555984, 0.23649714887142181, 3.3263397216796875
0, 0, 20, 31.779296875, 0.9713189601898193, -0.02465822547674179, 0.23649826645851135, 3.326317548751831
0, 0, 20, 31.794921875, 0.9713169932365417, -0.02467978559434414, 0.23650424182415009, 3.326294422149658
0, 0, 20, 31.763671875, 0.9713164567947388, -0.024702927097678185, 0.23650401830673218, 3.3262994289398193
0, 0, 20, 31.7890625, 0.9713162183761597, -0.02469874918460846, 0.236505389213562, 3.326308488845825
0, 0, 20, 31.79296875, 0.9713194370269775, -0.024683263152837753, 0.23649384081363678, 3.3263089656829834
0, 0, 20, 31.7890625, 0.971319317817688, -0.024678150191903114, 0.23649495840072632, 3.3262851238250732
0, 0, 20, 31.76171875, 0.971320629119873, -0.024679269641637802, 0.2364894598722458, 3.3262839317321777
0, 0, 20, 31.76171875, 0.971320629119873, -0.024679269641637802, 0.2364894598722458, 3.3262839317321777
0, 0, 20, 31.779296875, 0.9713183045387268, -0.024669945240020752, 0.23649977147579193, 3.326310873031616
0, 0, 20, 31.833984375, 0.9713150262832642, -0.024684064090251923, 0.23651205003261566, 3.3263328075408936
0, 0, 20, 31.7578125, 0.9713139533996582, -0.024690940976142883, 0.23651553690433502, 3.3263466358184814
0, 0, 20, 31.75390625, 0.971312403678894, -0.024702992290258408, 0.23652052879333496, 3.3263676166534424
0, 0, 20, 31.75390625, 0.971312403678894, -0.024702992290258408, 0.23652052879333496, 3.3263676166534424
0, 0, 20, 31.78125, 0.9713115096092224, -0.02469736337661743, 0.23652486503124237, 3.326373338699341
0, 0, 20, 31.78125, 0.9713115096092224, -0.02469736337661743, 0.23652486503124237, 3.326373338699341
0, 0, 20, 31.7890625, 0.9713138341903687, -0.024698400869965553, 0.23651525378227234, 3.326385736465454
0, 0, 20, 31.7734375, 0.9713110327720642, -0.02470138855278492, 0.2365264594554901, 3.3264081478118896
0, 0, 20, 31.779296875, 0.9713090658187866, -0.024697398766875267, 0.23653514683246613, 3.3264267444610596
0, 0, 20, 31.748046875, 0.971310555934906, -0.024699022993445396, 0.23652835190296173, 3.326425075531006
0, 0, 20, 31.748046875, 0.9713127017021179, -0.024698344990611076, 0.23651976883411407, 3.3264198303222656
0, 0, 20, 31.7734375, 0.9713107943534851, -0.024694899097085, 0.23652788996696472, 3.326420545578003
0, 0, 20, 31.77734375, 0.9713093638420105, -0.024690134450793266, 0.23653435707092285, 3.3264482021331787
0, 0, 20, 31.796875, 0.9713084697723389, -0.024679016321897507, 0.2365393340587616, 3.326430320739746
0, 0, 20, 31.796875, 0.971307098865509, -0.024669134989380836, 0.2365458607673645, 3.3264267444610596
0, 0, 20, 31.79296875, 0.9713054895401001, -0.024670390412211418, 0.23655207455158234, 3.3264405727386475
0, 0, 20, 31.79296875, 0.9713054895401001, -0.024670390412211418, 0.23655207455158234, 3.3264405727386475
0, 0, 20, 31.77734375, 0.9713067412376404, -0.024671388790011406, 0.2365468591451645, 3.326455593109131
0, 0, 20, 31.7890625, 0.9713086485862732, -0.024654442444443703, 0.2365410327911377, 3.3264520168304443
0, 0, 20, 31.783203125, 0.9713061451911926, -0.024653950706124306, 0.23655138909816742, 3.326486110687256
0, 0, 20, 31.755859375, 0.9713053703308105, -0.024653591215610504, 0.23655490577220917, 3.3264987468719482
0, 0, 20, 31.8046875, 0.9713041186332703, -0.02464739792048931, 0.23656029999256134, 3.326503038406372
0, 0, 20, 31.74609375, 0.9713035225868225, -0.024634098634123802, 0.23656438291072845, 3.326512098312378
0, 0, 20, 31.763671875, 0.9713071584701538, -0.024641867727041245, 0.2365485429763794, 3.326484441757202
0, 0, 20, 31.794921875, 0.9713053107261658, -0.024638626724481583, 0.2365565150976181, 3.326425790786743
0, 0, 20, 31.80859375, 0.9713059067726135, -0.0246382188051939, 0.23655365407466888, 3.3264074325561523
0, 0, 20, 31.8046875, 0.971309244632721, -0.02465788833796978, 0.236538365483284, 3.3264031410217285
0, 0, 20, 31.798828125, 0.9713080525398254, -0.02466798573732376, 0.2365422397851944, 3.3263888359069824
0, 0, 20, 31.767578125, 0.9713061451911926, -0.024655625224113464, 0.23655110597610474, 3.3263771533966064
0, 0, 20, 31.74609375, 0.9713073372840881, -0.02467409521341324, 0.23654446005821228, 3.3263423442840576
0, 0, 20, 31.75, 0.971308171749115, -0.024682248011231422, 0.23653987050056458, 3.326317548751831
0, 0, 20, 31.775390625, 0.9713081121444702, -0.024686291813850403, 0.23654013872146606, 3.3263044357299805
0, 0, 20, 31.7578125, 0.9713128805160522, -0.02467358112335205, 0.23652154207229614, 3.326293706893921
0, 0, 20, 31.779296875, 0.9713114500045776, -0.024686632677912712, 0.23652610182762146, 3.3262696266174316
0, 0, 20, 31.806640625, 0.971307635307312, -0.024693971499800682, 0.2365407943725586, 3.3262875080108643
0, 0, 20, 31.83203125, 0.971310019493103, -0.024693932384252548, 0.2365313321352005, 3.3262927532196045
0, 0, 20, 31.8125, 0.9713119864463806, -0.02470245212316513, 0.23652251064777374, 3.326279878616333
0, 0, 20, 31.8125, 0.9713119864463806, -0.02470245212316513, 0.23652251064777374, 3.326279878616333
0, 0, 20, 31.771484375, 0.9713109731674194, -0.024712247774004936, 0.2365255355834961, 3.32627010345459
0, 0, 20, 31.779296875, 0.9713441133499146, -0.02457195520401001, 0.23640383780002594, 3.3275020122528076
0, 0, 20, 31.744140625, 0.971343457698822, -0.02458409033715725, 0.2364053726196289, 3.3274500370025635
0, 0, 20, 31.81640625, 0.9713454842567444, -0.02459464967250824, 0.23639607429504395, 3.327357530593872
0, 0, 20, 31.783203125, 0.9713467955589294, -0.024601362645626068, 0.2363899201154709, 3.327329397201538
0, 0, 20, 31.783203125, 0.9713467955589294, -0.024601362645626068, 0.2363899201154709, 3.327329397201538
0, 0, 20, 31.783203125, 0.9713467955589294, -0.024601362645626068, 0.2363899201154709, 3.327329397201538
0, 0, 20, 31.765625, 0.9713467359542847, -0.0246119424700737, 0.23638916015625, 3.3272647857666016
0, 0, 20, 31.765625, 0.9713497161865234, -0.02461957558989525, 0.23637601733207703, 3.3272345066070557
0, 0, 20, 31.759765625, 0.9713496565818787, -0.02461939863860607, 0.23637604713439941, 3.3271565437316895
0, 0, 20, 31.8203125, 0.9713492393493652, -0.024622952565550804, 0.23637740314006805, 3.327069044113159
0, 0, 20, 31.80859375, 0.9713484644889832, -0.0246259942650795, 0.23638033866882324, 3.3270130157470703
0, 0, 20, 31.80859375, 0.9713459610939026, -0.02463100478053093, 0.23639051616191864, 3.326969623565674
0, 0, 20, 31.740234375, 0.9713451266288757, -0.0246424600481987, 0.23639245331287384, 3.326948881149292
0, 0, 20, 31.771484375, 0.9713415503501892, -0.024655358865857124, 0.2364058494567871, 3.326918363571167
0, 0, 20, 31.77734375, 0.9713369607925415, -0.024665750563144684, 0.23642368614673615, 3.3268797397613525
0, 0, 20, 31.818359375, 0.9713349342346191, -0.024673886597156525, 0.23643095791339874, 3.326847791671753
0, 0, 20, 31.796875, 0.9713323712348938, -0.024675073102116585, 0.23644138872623444, 3.3268349170684814
0, 0, 20, 31.75390625, 0.9713318943977356, -0.024664882570505142, 0.23644445836544037, 3.3268051147460938
0, 0, 20, 31.763671875, 0.9713327288627625, -0.024666188284754753, 0.23644119501113892, 3.326810836791992
0, 0, 20, 31.7890625, 0.9713335037231445, -0.024674249812960625, 0.23643705248832703, 3.3267860412597656
0, 0, 20, 31.810546875, 0.9713317155838013, -0.024684686213731766, 0.23644299805164337, 3.326760768890381
0, 0, 20, 31.798828125, 0.9713317155838013, -0.0246878694742918, 0.23644281923770905, 3.3267569541931152
0, 0, 20, 31.783203125, 0.9713310599327087, -0.024693157523870468, 0.23644503951072693, 3.326740026473999
0, 0, 20, 31.748046875, 0.9713281393051147, -0.02469540387392044, 0.23645710945129395, 3.3267242908477783
0, 0, 20, 31.802734375, 0.9713283777236938, -0.024712134152650833, 0.23645426332950592, 3.326692819595337
0, 0, 20, 31.77734375, 0.971327543258667, -0.024708030745387077, 0.2364574521780014, 3.3266661167144775
0, 0, 20, 31.736328125, 0.9713253378868103, -0.0247192345559597, 0.23646563291549683, 3.32666015625
0, 0, 20, 31.80859375, 0.971325159072876, -0.024726081639528275, 0.23646581172943115, 3.326655387878418
0, 0, 20, 31.794921875, 0.9713214039802551, -0.024718891829252243, 0.23648186028003693, 3.3266429901123047
0, 0, 20, 31.794921875, 0.9713203310966492, -0.02472272887825966, 0.23648616671562195, 3.3266215324401855
0, 0, 20, 31.794921875, 0.9713203310966492, -0.02472272887825966, 0.23648616671562195, 3.3266215324401855
0, 0, 20, 31.794921875, 0.9713203310966492, -0.02472272887825966, 0.23648616671562195, 3.3266215324401855
0, 0, 20, 31.794921875, 0.9713214039802551, -0.02473006770014763, 0.23648086190223694, 3.3266308307647705
0, 0, 20, 31.775390625, 0.9713228344917297, -0.024710096418857574, 0.23647718131542206, 3.3266146183013916
0, 0, 20, 31.810546875, 0.9713226556777954, -0.024702541530132294, 0.23647847771644592, 3.3266208171844482
0, 0, 20, 31.787109375, 0.9713221192359924, -0.02470160275697708, 0.23648090660572052, 3.326594591140747
0, 0, 20, 31.78515625, 0.9713210463523865, -0.024697082117199898, 0.23648543655872345, 3.3265554904937744
0, 0, 20, 31.767578125, 0.9713243246078491, -0.024702679365873337, 0.23647162318229675, 3.326538324356079
0, 0, 20, 31.76171875, 0.9713237285614014, -0.024696439504623413, 0.23647482693195343, 3.326538324356079
0, 0, 20, 31.740234375, 0.9713256359100342, -0.02469918131828308, 0.23646637797355652, 3.3265280723571777
0, 0, 20, 31.76953125, 0.9713231325149536, -0.024712981656193733, 0.2364756017923355, 3.3265249729156494
0, 0, 20, 31.810546875, 0.971321702003479, -0.02472091093659401, 0.236480250954628, 3.3265159130096436
0, 0, 20, 31.810546875, 0.9713200330734253, -0.024719582870602608, 0.2364875227212906, 3.3265295028686523
0, 0, 20, 31.802734375, 0.9713200330734253, -0.024721167981624603, 0.23648710548877716, 3.3265187740325928
0, 0, 20, 31.79296875, 0.9713207483291626, -0.02472253330051899, 0.23648424446582794, 3.3265111446380615
0, 0, 20, 31.79296875, 0.9713201522827148, -0.02472188137471676, 0.23648670315742493, 3.3265018463134766
0, 0, 20, 31.740234375, 0.9713230133056641, -0.02470983751118183, 0.2364761382341385, 3.3265016078948975
0, 0, 20, 31.765625, 0.9713250398635864, -0.02470560371875763, 0.2364688217639923, 3.3265204429626465
0, 0, 20, 31.767578125, 0.9713247418403625, -0.02470034547150135, 0.23647014796733856, 3.326549530029297
0, 0, 20, 31.806640625, 0.9713243842124939, -0.024687621742486954, 0.236472949385643, 3.3265507221221924
0, 0, 20, 31.806640625, 0.9713243842124939, -0.024687621742486954, 0.236472949385643, 3.3265507221221924
0, 0, 20, 31.74609375, 0.9713249206542969, -0.024677343666553497, 0.23647171258926392, 3.326540946960449
0, 0, 20, 31.8125, 0.9713268280029297, -0.0246596597135067, 0.2364659309387207, 3.326533794403076
0, 0, 20, 31.8125, 0.9713268280029297, -0.0246596597135067, 0.2364659309387207, 3.326533794403076
0, 0, 20, 31.798828125, 0.9713252782821655, -0.024646760895848274, 0.23647333681583405, 3.326555013656616
0, 0, 20, 31.78515625, 0.9713244438171387, -0.02463398687541485, 0.23647859692573547, 3.326571226119995
0, 0, 20, 31.84375, 0.9713205695152283, -0.024626631289720535, 0.2364947646856308, 3.3265607357025146
0, 0, 20, 31.79296875, 0.9713184237480164, -0.02461012452840805, 0.23650577664375305, 3.326568603515625
0, 0, 20, 31.79296875, 0.9713184237480164, -0.02461012452840805, 0.23650577664375305, 3.326568603515625
0, 0, 20, 31.818359375, 0.9713146090507507, -0.02460326813161373, 0.23652170598506927, 3.3266055583953857
0, 0, 20, 31.771484375, 0.9713135361671448, -0.02460445649921894, 0.23652616143226624, 3.3266077041625977
0, 0, 20, 31.771484375, 0.9713135361671448, -0.02460445649921894, 0.23652616143226624, 3.3266077041625977
0, 0, 20, 31.8125, 0.9713139533996582, -0.02460864931344986, 0.2365238517522812, 3.326613426208496
0, 0, 20, 31.80859375, 0.9713100790977478, -0.02458658069372177, 0.23654234409332275, 3.3266212940216064
0, 0, 20, 31.736328125, 0.971310555934906, -0.02458338998258114, 0.23654057085514069, 3.3266215324401855
0, 0, 20, 31.849609375, 0.9713090658187866, -0.024582890793681145, 0.2365468442440033, 3.326599597930908
0, 0, 20, 31.849609375, 0.9713090658187866, -0.024582890793681145, 0.2365468442440033, 3.326599597930908
0, 0, 20, 31.849609375, 0.9713090658187866, -0.024582890793681145, 0.2365468442440033, 3.326599597930908
0, 0, 20, 31.783203125, 0.9713061451911926, -0.02457226626574993, 0.23655974864959717, 3.326601266860962
0, 0, 20, 31.796875, 0.9713065028190613, -0.02455938048660755, 0.2365599274635315, 3.3266026973724365
0, 0, 20, 31.791015625, 0.971305787563324, -0.02455195039510727, 0.23656363785266876, 3.3265910148620605
0, 0, 20, 31.7578125, 0.9712767004966736, -0.02466834895312786, 0.23667088150978088, 3.3253703117370605
0, 0, 20, 31.810546875, 0.9712742567062378, -0.02465089224278927, 0.23668251931667328, 3.3254222869873047
0, 0, 20, 31.783203125, 0.9712742567062378, -0.02462819032371044, 0.23668506741523743, 3.325418710708618
0, 0, 20, 31.791015625, 0.9712753295898438, -0.024601785466074944, 0.23668333888053894, 3.325448989868164
0, 0, 20, 31.80859375, 0.9712773561477661, -0.02456907369196415, 0.23667852580547333, 3.3254852294921875
0, 0, 20, 31.77734375, 0.9712752103805542, -0.024556884542107582, 0.23668834567070007, 3.3255207538604736
0, 0, 20, 31.74609375, 0.9712740182876587, -0.02455488033592701, 0.2366935908794403, 3.325554132461548
0, 0, 20, 31.779296875, 0.9712735414505005, -0.024546563625335693, 0.23669612407684326, 3.325566530227661
0, 0, 20, 31.779296875, 0.9712718725204468, -0.02455362305045128, 0.23670265078544617, 3.3255794048309326
0, 0, 20, 31.787109375, 0.9712690114974976, -0.024548888206481934, 0.23671476542949677, 3.3256170749664307
0, 0, 20, 31.771484375, 0.9712640047073364, -0.02454298920929432, 0.2367359697818756, 3.3256399631500244
0, 0, 20, 31.794921875, 0.9712637662887573, -0.02453799359500408, 0.23673734068870544, 3.3256914615631104
0, 0, 20, 31.794921875, 0.9712616205215454, -0.024539345875382423, 0.2367459535598755, 3.3256969451904297
0, 0, 20, 31.798828125, 0.9712607860565186, -0.024550490081310272, 0.2367483526468277, 3.3257339000701904
0, 0, 20, 31.7890625, 0.9712602496147156, -0.024547366425395012, 0.2367505580186844, 3.3257460594177246
0, 0, 20, 31.794921875, 0.9712582230567932, -0.024530189111828804, 0.23676073551177979, 3.3257431983947754
0, 0, 20, 31.794921875, 0.9712570905685425, -0.024502351880073547, 0.23676832020282745, 3.3258044719696045
0, 0, 20, 31.77734375, 0.9712563753128052, -0.024495450779795647, 0.23677244782447815, 3.3258230686187744
0, 0, 20, 31.79296875, 0.9712560176849365, -0.024493200704455376, 0.23677407205104828, 3.3258156776428223
0, 0, 20, 31.822265625, 0.9712584018707275, -0.024512536823749542, 0.23676228523254395, 3.3258330821990967
0, 0, 20, 31.798828125, 0.9712559580802917, -0.02450723573565483, 0.23677244782447815, 3.325873613357544
0, 0, 20, 31.798828125, 0.9712559580802917, -0.02450723573565483, 0.23677244782447815, 3.325873613357544
0, 0, 20, 31.791015625, 0.9712544083595276, -0.02450234815478325, 0.23677915334701538, 3.325896739959717
0, 0, 20, 31.814453125, 0.9712534546852112, -0.02449977397918701, 0.23678337037563324, 3.325900077819824
0, 0, 20, 31.80078125, 0.9712502360343933, -0.024501942098140717, 0.2367963194847107, 3.325925350189209
0, 0, 20, 31.7734375, 0.9712477326393127, -0.024496886879205704, 0.2368072271347046, 3.3259408473968506
0, 0, 20, 31.775390625, 0.9712434411048889, -0.024503512308001518, 0.2368243932723999, 3.3259670734405518
0, 0, 20, 31.78125, 0.9712430238723755, -0.02450224570930004, 0.23682622611522675, 3.325997829437256
0, 0, 20, 31.77734375, 0.9712398648262024, -0.024489281699061394, 0.23684066534042358, 3.3260183334350586
0, 0, 20, 31.78515625, 0.9712364077568054, -0.024480344727635384, 0.2368558645248413, 3.3260180950164795
0, 0, 20, 31.783203125, 0.9712350368499756, -0.024483393877744675, 0.23686076700687408, 3.3260300159454346
0, 0, 20, 31.779296875, 0.9712311029434204, -0.02448258362710476, 0.23687699437141418, 3.326061487197876
0, 0, 20, 31.783203125, 0.9712281823158264, -0.024456262588500977, 0.23689182102680206, 3.326092481613159
0, 0, 20, 31.74609375, 0.9712242484092712, -0.024463186040520668, 0.23690731823444366, 3.326138496398926
0, 0, 20, 31.791015625, 0.9712228775024414, -0.024457549676299095, 0.23691360652446747, 3.326174736022949
0, 0, 20, 31.79296875, 0.971221923828125, -0.02444353885948658, 0.23691874742507935, 3.326188802719116
0, 0, 20, 31.751953125, 0.9712187051773071, -0.024437829852104187, 0.23693260550498962, 3.3261985778808594
0, 0, 20, 31.76171875, 0.9712164998054504, -0.024422358721494675, 0.23694288730621338, 3.326215982437134
0, 0, 20, 31.740234375, 0.9712170958518982, -0.024415623396635056, 0.23694166541099548, 3.3262391090393066
0, 0, 20, 31.765625, 0.9712173342704773, -0.024406198412179947, 0.23694130778312683, 3.3262364864349365
0, 0, 20, 31.81640625, 0.9712185263633728, -0.024403663352131844, 0.23693698644638062, 3.3262503147125244
0, 0, 20, 31.822265625, 0.9712158441543579, -0.024401148781180382, 0.23694781959056854, 3.326265811920166
0, 0, 20, 31.822265625, 0.9712142944335938, -0.02439170889556408, 0.23695531487464905, 3.3262810707092285
0, 0, 20, 31.76953125, 0.9712148308753967, -0.024372205138206482, 0.23695532977581024, 3.3262670040130615
0, 0, 20, 31.81640625, 0.9712151288986206, -0.024364016950130463, 0.2369549721479416, 3.3262951374053955
0, 0, 20, 31.81640625, 0.9712161421775818, -0.024354232475161552, 0.23695175349712372, 3.3262903690338135
0, 0, 20, 31.783203125, 0.9712169766426086, -0.024346448481082916, 0.2369488626718521, 3.3262760639190674
0, 0, 20, 31.783203125, 0.9712169766426086, -0.024346448481082916, 0.2369488626718521, 3.3262760639190674
0, 0, 20, 31.76953125, 0.9712173342704773, -0.024331288412213326, 0.2369491159915924, 3.3262877464294434
0, 0, 20, 31.75, 0.9712164998054504, -0.02432987466454506, 0.2369525134563446, 3.3262767791748047
0, 0, 20, 31.75, 0.9712187051773071, -0.024317286908626556, 0.23694469034671783, 3.326249599456787
0, 0, 20, 31.80859375, 0.9712201356887817, -0.024320149794220924, 0.2369387000799179, 3.3262462615966797
0, 0, 20, 31.765625, 0.9712206125259399, -0.02429763786494732, 0.23693892359733582, 3.326235055923462
0, 0, 20, 31.76171875, 0.9712196588516235, -0.02428668551146984, 0.2369440197944641, 3.326256513595581
0, 0, 20, 31.7421875, 0.9712177515029907, -0.024287914857268333, 0.23695169389247894, 3.3262832164764404
0, 0, 20, 31.779296875, 0.9712159633636475, -0.024274399504065514, 0.23696039617061615, 3.3262887001037598
0, 0, 20, 31.779296875, 0.9712159633636475, -0.024274399504065514, 0.23696039617061615, 3.3262887001037598
0, 0, 20, 31.74609375, 0.9712149500846863, -0.024288110435009003, 0.23696358501911163, 3.3262743949890137
0, 0, 20, 31.7890625, 0.9712164402008057, -0.024282008409500122, 0.23695798218250275, 3.326235294342041
0, 0, 20, 31.76953125, 0.9712134599685669, -0.02428695745766163, 0.2369694858789444, 3.3262128829956055
0, 0, 20, 31.75390625, 0.9712133407592773, -0.024296019226312637, 0.23696912825107574, 3.3262197971343994
0, 0, 20, 31.80078125, 0.9712143540382385, -0.02428753487765789, 0.23696573078632355, 3.326239824295044
0, 0, 20, 31.72265625, 0.9712143540382385, -0.02427825704216957, 0.2369670569896698, 3.326237678527832
0, 0, 20, 31.75390625, 0.9712128043174744, -0.02428564988076687, 0.2369723916053772, 3.3262293338775635
0, 0, 20, 31.763671875, 0.9712121486663818, -0.024292446672916412, 0.23697428405284882, 3.3262221813201904
0, 0, 20, 31.77734375, 0.9712143540382385, -0.024291401728987694, 0.23696555197238922, 3.326237440109253
0, 0, 20, 31.755859375, 0.9712091684341431, -0.024292046204209328, 0.23698636889457703, 3.3262698650360107
0, 0, 20, 31.755859375, 0.9712091684341431, -0.024292046204209328, 0.23698636889457703, 3.3262698650360107
0, 0, 20, 31.77734375, 0.9712074995040894, -0.024300118908286095, 0.2369924634695053, 3.3262734413146973
0, 0, 20, 31.755859375, 0.971206784248352, -0.024305829778313637, 0.23699477314949036, 3.3262648582458496
0, 0, 20, 31.73046875, 0.971208393573761, -0.024303201586008072, 0.23698851466178894, 3.326273202896118
0, 0, 20, 31.802734375, 0.9712094068527222, -0.024315910413861275, 0.23698309063911438, 3.32624888420105
0, 0, 20, 31.765625, 0.971209704875946, -0.024303486570715904, 0.23698346316814423, 3.3262579441070557
0, 0, 20, 31.732421875, 0.9712062478065491, -0.024301709607243538, 0.2369973510503769, 3.3262619972229004
0, 0, 20, 31.759765625, 0.9712072610855103, -0.024301471188664436, 0.2369932383298874, 3.3262875080108643
0, 0, 20, 31.814453125, 0.9712063074111938, -0.024303391575813293, 0.23699736595153809, 3.326282501220703
0, 0, 20, 31.814453125, 0.9712038636207581, -0.024298250675201416, 0.23700778186321259, 3.326284885406494
0, 0, 20, 31.80859375, 0.9712044596672058, -0.02430962584912777, 0.23700423538684845, 3.3263111114501953
0, 0, 20, 31.82421875, 0.9712052345275879, -0.024314671754837036, 0.23700058460235596, 3.3263025283813477
0, 0, 20, 31.783203125, 0.9712052345275879, -0.0243206974118948, 0.23700012266635895, 3.3263204097747803
0, 0, 20, 31.783203125, 0.9712077975273132, -0.02431449294090271, 0.23698996007442474, 3.3263444900512695
0, 0, 20, 31.74609375, 0.971205472946167, -0.02432902529835701, 0.23699787259101868, 3.326335906982422
0, 0, 20, 31.76171875, 0.9712041616439819, -0.02434162236750126, 0.23700225353240967, 3.3263185024261475
0, 0, 20, 31.728515625, 0.9712035655975342, -0.02434287592768669, 0.23700447380542755, 3.3263211250305176
0, 0, 20, 31.728515625, 0.9712039232254028, -0.024356521666049957, 0.23700158298015594, 3.3263230323791504
0, 0, 20, 31.76171875, 0.9712063670158386, -0.024347949773073196, 0.23699234426021576, 3.326319456100464
0, 0, 20, 31.76953125, 0.9712101817131042, -0.02434658817946911, 0.23697683215141296, 3.326324701309204
0, 0, 20, 31.77734375, 0.9712076783180237, -0.024360356852412224, 0.23698575794696808, 3.326334238052368
0, 0, 20, 31.74609375, 0.9712101817131042, -0.024371935054659843, 0.23697379231452942, 3.3263094425201416
0, 0, 20, 31.744140625, 0.9712119102478027, -0.024378670379519463, 0.23696638643741608, 3.326303005218506
0, 0, 20, 31.744140625, 0.9712119102478027, -0.024378670379519463, 0.23696638643741608, 3.326303005218506
0, 0, 20, 31.791015625, 0.9712135195732117, -0.024402286857366562, 0.23695766925811768, 3.3262946605682373
0, 0, 20, 31.791015625, 0.9712135195732117, -0.024402286857366562, 0.23695766925811768, 3.3262946605682373
0, 0, 20, 31.806640625, 0.9712128639221191, -0.02439585141837597, 0.23696112632751465, 3.3262734413146973
0, 0, 20, 31.748046875, 0.9712144732475281, -0.024412721395492554, 0.23695281147956848, 3.326275110244751
0, 0, 20, 31.75, 0.9712179899215698, -0.024430058896541595, 0.2369365096092224, 3.3262693881988525
0, 0, 20, 31.74609375, 0.9712210893630981, -0.024432769045233727, 0.23692315816879272, 3.326267957687378
0, 0, 20, 31.7734375, 0.9712234139442444, -0.02442142367362976, 0.2369147688150406, 3.326270580291748
0, 0, 20, 31.736328125, 0.9712266325950623, -0.024419840425252914, 0.23690180480480194, 3.3262712955474854
0, 0, 20, 31.77734375, 0.971229612827301, -0.024431368336081505, 0.2368886023759842, 3.3262486457824707
0, 0, 20, 31.771484375, 0.9712308049201965, -0.024431442841887474, 0.23688386380672455, 3.3262500762939453
0, 0, 20, 31.76171875, 0.9712336659431458, -0.02441752515733242, 0.23687322437763214, 3.3262245655059814
0, 0, 20, 31.76171875, 0.9712336659431458, -0.02441752515733242, 0.23687322437763214, 3.3262245655059814
0, 0, 20, 31.791015625, 0.9712383151054382, -0.024422718212008476, 0.23685365915298462, 3.3262267112731934
0, 0, 20, 31.7734375, 0.9712386727333069, -0.024434471502900124, 0.2368510663509369, 3.326239585876465
0, 0, 20, 31.767578125, 0.9712366461753845, -0.024449316784739494, 0.23685790598392487, 3.3262195587158203
0, 0, 20, 31.75, 0.9712380766868591, -0.024473095312714577, 0.2368493378162384, 3.3262078762054443
0, 0, 20, 31.74609375, 0.9712403416633606, -0.024477876722812653, 0.23683957755565643, 3.3261992931365967
0, 0, 20, 31.787109375, 0.9712420105934143, -0.024475207552313805, 0.23683322966098785, 3.326202869415283
0, 0, 20, 31.783203125, 0.9712423086166382, -0.02447567507624626, 0.23683203756809235, 3.3261938095092773
0, 0, 20, 31.783203125, 0.9712423086166382, -0.02447567507624626, 0.23683203756809235, 3.3261938095092773
0, 0, 20, 31.7734375, 0.9712445735931396, -0.024479210376739502, 0.23682232201099396, 3.3261709213256836
0, 0, 20, 31.7734375, 0.9712468981742859, -0.02448590286076069, 0.23681214451789856, 3.3261492252349854
0, 0, 20, 31.783203125, 0.9712483882904053, -0.024500755593180656, 0.23680423200130463, 3.326158046722412
0, 0, 20, 31.794921875, 0.9712491631507874, -0.024504859000444412, 0.2368006557226181, 3.3261375427246094
0, 0, 20, 31.7734375, 0.9712517857551575, -0.024506114423274994, 0.23678982257843018, 3.326139211654663
0, 0, 20, 31.7734375, 0.9712517857551575, -0.024506114423274994, 0.23678982257843018, 3.326139211654663
